('local-2d-single', 'weight-8'): 291 codes, 226 nondominated
[[4,2,2]] w=4
[[7,1,3]] w=4
[[8,6,2]] w=8
[[8,4,2]] w=6
[[8,3,2]] w=4
[[10,2,3]] w=6
[[12,8,2]] w=8
[[12,6,2]] w=6
[[12,4,2]] w=4
[[12,3,3]] w=6
[[12,2,4]] w=6
[[12,2,3]] w=4
[[15,7,3]] w=8
[[16,10,2]] w=8
[[16,8,2]] w=6
[[16,6,4]] w=8
[[16,6,3]] w=6
[[16,4,4]] w=6
[[16,2,4]] w=4
[[17,1,5]] w=8
[[18,4,3]] w=5
[[19,1,5]] w=6
[[20,12,2]] w=8
[[20,10,2]] w=6
[[23,3,3]] w=4
[[25,9,4]] w=8
[[25,9,3]] w=6
[[25,7,4]] w=6
[[25,1,5]] w=4
[[28,16,2]] w=8
[[28,14,2]] w=6
[[30,10,3]] w=6
[[30,4,3]] w=4
[[31,1,7]] w=8
[[36,14,3]] w=6
[[36,12,4]] w=8
[[36,10,4]] w=6
[[36,2,6]] w=4
[[37,5,3]] w=4
[[37,1,7]] w=6
[[44,6,3]] w=4
[[49,19,3]] w=6
[[49,13,4]] w=8
[[49,11,4]] w=6
[[49,1,7]] w=4
[[51,7,3]] w=4
[[63,3,5]] w=4
[[63,2,7]] w=4
[[64,24,3]] w=6
[[64,12,4]] w=6
[[64,8,3]] w=4
[[64,2,8]] w=4
[[65,9,3]] w=4
[[71,1,11]] w=8
[[78,10,3]] w=4
[[79,11,3]] w=4
[[81,31,3]] w=6
[[81,1,9]] w=4
[[93,13,3]] w=4
[[101,5,5]] w=4
[[107,15,3]] w=4
[[108,8,6]] w=6
[[121,17,3]] w=4
[[121,1,11]] w=4
[[123,3,7]] w=4
[[126,6,5]] w=4
[[127,1,15]] w=8
[[130,8,7]] w=6
[[135,19,3]] w=4
[[139,7,5]] w=4
[[149,21,3]] w=4
[[161,8,8]] w=6
[[163,23,3]] w=4
[[168,8,5]] w=4
[[169,1,13]] w=4
[[177,25,3]] w=4
[[177,9,5]] w=4
[[178,8,9]] w=6
[[191,27,3]] w=4
[[197,5,7]] w=4
[[202,10,5]] w=4
[[203,3,9]] w=4
[[205,29,3]] w=4
[[205,6,6]] w=4
[[207,8,10]] w=6
[[215,11,5]] w=4
[[219,31,3]] w=4
[[225,1,15]] w=4
[[233,33,3]] w=4
[[244,12,5]] w=4
[[247,35,3]] w=4
[[249,8,11]] w=6
[[253,13,5]] w=4
[[256,2,16]] w=4
[[258,6,7]] w=4
[[261,37,3]] w=4
[[271,7,7]] w=4
[[275,39,3]] w=4
[[276,8,12]] w=6
[[278,14,5]] w=4
[[288,9,6]] w=8
[[289,41,3]] w=4
[[289,1,17]] w=4
[[291,15,5]] w=4
[[300,8,13]] w=6
[[303,43,3]] w=4
[[303,3,11]] w=4
[[317,45,3]] w=4
[[324,2,18]] w=4
[[325,5,9]] w=4
[[329,17,5]] w=4
[[331,47,3]] w=4
[[344,8,7]] w=4
[[345,9,7]] w=4
[[348,8,14]] w=6
[[354,18,5]] w=4
[[360,48,3]] w=4
[[361,1,19]] w=4
[[367,19,5]] w=4
[[368,8,8]] w=4
[[370,50,3]] w=4
[[372,8,15]] w=6
[[379,51,3]] w=4
[[384,52,3]] w=4
[[388,20,5]] w=4
[[393,53,3]] w=4
[[398,54,3]] w=4
[[400,2,20]] w=4
[[405,55,3]] w=4
[[405,21,5]] w=4
[[410,8,16]] w=6
[[414,6,9]] w=4
[[418,10,7]] w=4
[[419,11,7]] w=4
[[423,57,3]] w=4
[[423,3,13]] w=4
[[430,22,5]] w=4
[[434,58,3]] w=4
[[435,59,3]] w=4
[[441,1,21]] w=4
[[442,60,3]] w=4
[[443,23,5]] w=4
[[447,7,9]] w=4
[[449,61,3]] w=4
[[450,12,6]] w=8
[[454,8,17]] w=6
[[467,63,3]] w=4
[[477,65,3]] w=4
[[481,25,5]] w=4
[[484,66,3]] w=4
[[484,2,22]] w=4
[[485,5,11]] w=4
[[493,13,7]] w=4
[[495,67,3]] w=4
[[500,68,3]] w=4
[[506,26,5]] w=4
[[511,69,3]] w=4
[[515,27,5]] w=4
[[523,8,18]] w=6
[[528,72,3]] w=4
[[529,1,23]] w=4
[[532,28,5]] w=4
[[545,73,3]] w=4
[[546,74,3]] w=4
[[549,75,3]] w=4
[[552,8,9]] w=4
[[557,29,5]] w=4
[[558,76,3]] w=4
[[565,77,3]] w=4
[[565,51,4]] w=4
[[567,15,7]] w=4
[[569,9,9]] w=4
[[570,78,3]] w=4
[[574,30,5]] w=4
[[576,2,24]] w=4
[[590,8,19]] w=6
[[595,31,5]] w=4
[[597,81,3]] w=4
[[607,83,3]] w=4
[[608,32,5]] w=4
[[616,84,3]] w=4
[[621,85,3]] w=4
[[625,33,5]] w=4
[[625,1,25]] w=4
[[630,86,3]] w=4
[[632,6,11]] w=4
[[641,17,7]] w=4
[[643,87,3]] w=4
[[648,88,3]] w=4
[[653,114,3]] w=4
[[658,34,5]] w=4
[[659,35,5]] w=4
[[666,10,9]] w=4
[[667,7,11]] w=4
[[676,36,5]] w=4
[[676,2,26]] w=4
[[677,5,13]] w=4
[[679,8,20]] w=6
[[691,11,9]] w=4
[[709,37,5]] w=4
[[715,19,7]] w=4
[[726,38,5]] w=4
[[729,1,27]] w=4
[[735,39,5]] w=4
[[784,2,28]] w=4
[[785,41,5]] w=4
[[800,8,21]] w=6
[[810,42,5]] w=4
[[819,43,5]] w=4
[[837,45,5]] w=4
[[841,1,29]] w=4
[[874,157,3]] w=4
[[882,8,22]] w=6
[[886,46,5]] w=4
[[899,47,5]] w=4
[[900,2,30]] w=4
[[912,48,5]] w=4
[[931,169,3]] w=4
[[931,7,13]] w=4
[[937,25,7]] w=4
[[945,172,3]] w=4
[[955,51,5]] w=4
[[961,1,31]] w=4
[[964,52,5]] w=4
[[968,8,23]] w=6
[[998,54,5]] w=4
