('local-2d-bilayer', 'weight-8'): 506 codes, 314 nondominated
[[4,2,2]] w=4
[[7,1,3]] w=4
[[8,6,2]] w=8
[[8,4,2]] w=6
[[8,3,2]] w=4
[[10,2,3]] w=6
[[12,8,2]] w=8
[[12,6,2]] w=6
[[12,4,2]] w=4
[[12,3,3]] w=6
[[12,2,4]] w=6
[[12,2,4]] w=6
[[12,2,3]] w=4
[[14,6,3]] w=7
[[15,7,3]] w=8
[[16,10,2]] w=8
[[16,8,2]] w=6
[[16,6,4]] w=8
[[16,6,3]] w=6
[[16,4,4]] w=6
[[16,2,4]] w=4
[[17,1,5]] w=8
[[17,1,5]] w=8
[[18,4,3]] w=5
[[18,2,5]] w=8
[[19,1,5]] w=6
[[20,12,2]] w=8
[[20,10,2]] w=6
[[20,2,5]] w=6
[[22,2,6]] w=8
[[23,3,3]] w=4
[[24,14,2]] w=8
[[24,12,2]] w=7
[[24,10,4]] w=8
[[24,8,3]] w=7
[[24,6,4]] w=6
[[24,4,4]] w=5
[[24,2,6]] w=6
[[25,9,3]] w=6
[[25,7,4]] w=6
[[25,1,5]] w=4
[[28,16,2]] w=8
[[28,14,2]] w=6
[[28,6,2]] w=5
[[28,4,5]] w=6
[[30,14,3]] w=8
[[30,10,3]] w=6
[[30,8,4]] w=6
[[30,6,5]] w=8
[[30,4,6]] w=6
[[30,4,3]] w=4
[[30,2,7]] w=8
[[32,16,3]] w=8
[[32,14,4]] w=8
[[32,12,3]] w=6
[[32,10,4]] w=6
[[34,2,7]] w=6
[[36,16,2]] w=7
[[36,14,3]] w=6
[[36,2,6]] w=4
[[37,5,3]] w=4
[[38,10,3]] w=5
[[40,10,4]] w=5
[[40,8,5]] w=8
[[40,6,6]] w=8
[[40,6,5]] w=6
[[40,2,8]] w=6
[[42,12,4]] w=7
[[42,10,5]] w=7
[[42,6,7]] w=7
[[42,6,6]] w=6
[[44,6,3]] w=4
[[44,4,7]] w=6
[[48,20,2]] w=7
[[48,12,4]] w=6
[[48,10,6]] w=8
[[48,8,6]] w=7
[[48,4,8]] w=6
[[49,19,3]] w=6
[[49,1,7]] w=4
[[50,26,3]] w=8
[[50,22,4]] w=8
[[50,20,3]] w=6
[[50,16,4]] w=6
[[50,2,9]] w=6
[[51,7,3]] w=4
[[54,20,4]] w=6
[[54,8,6]] w=6
[[54,6,7]] w=6
[[54,4,9]] w=7
[[56,14,6]] w=8
[[56,8,8]] w=8
[[56,6,8]] w=6
[[56,2,10]] w=6
[[59,4,7]] w=5
[[60,4,9]] w=6
[[60,4,8]] w=5
[[62,12,7]] w=8
[[62,10,7]] w=7
[[62,10,6]] w=6
[[63,3,5]] w=4
[[63,2,7]] w=4
[[64,24,3]] w=6
[[64,8,3]] w=4
[[64,2,8]] w=4
[[65,9,3]] w=4
[[71,1,11]] w=8
[[72,38,3]] w=8
[[72,30,3]] w=6
[[72,24,4]] w=8
[[72,12,6]] w=6
[[78,10,3]] w=4
[[79,11,3]] w=4
[[80,9,8]] w=8
[[81,31,3]] w=6
[[81,1,9]] w=4
[[84,6,10]] w=6
[[84,2,9]] w=4
[[93,13,3]] w=4
[[100,50,2]] w=6
[[100,28,5]] w=8
[[100,8,5]] w=5
[[100,4,14]] w=8
[[101,5,5]] w=4
[[104,54,2]] w=8
[[104,8,12]] w=8
[[104,6,13]] w=8
[[106,2,15]] w=8
[[107,15,3]] w=4
[[108,16,2]] w=5
[[108,12,7]] w=6
[[108,8,10]] w=6
[[108,6,6]] w=5
[[110,8,11]] w=7
[[112,16,6]] w=6
[[112,12,12]] w=8
[[112,4,13]] w=6
[[112,2,10]] w=4
[[121,17,3]] w=4
[[121,1,11]] w=4
[[123,3,7]] w=4
[[126,6,5]] w=4
[[135,19,3]] w=4
[[139,7,5]] w=4
[[144,12,12]] w=6
[[144,2,12]] w=4
[[149,21,3]] w=4
[[151,6,8]] w=5
[[152,6,9]] w=5
[[153,6,10]] w=5
[[154,6,14]] w=6
[[154,6,11]] w=5
[[163,23,3]] w=4
[[168,8,5]] w=4
[[168,6,16]] w=6
[[169,1,13]] w=4
[[177,25,3]] w=4
[[177,9,5]] w=4
[[182,6,12]] w=5
[[191,27,3]] w=4
[[192,16,8]] w=6
[[196,15,11]] w=8
[[197,5,7]] w=4
[[202,10,5]] w=4
[[203,3,9]] w=4
[[205,29,3]] w=4
[[205,6,6]] w=4
[[215,11,5]] w=4
[[216,8,16]] w=6
[[216,4,18]] w=6
[[219,31,3]] w=4
[[225,1,15]] w=4
[[230,16,12]] w=8
[[233,33,3]] w=4
[[238,6,18]] w=6
[[244,12,5]] w=4
[[247,35,3]] w=4
[[252,12,14]] w=6
[[253,13,5]] w=4
[[256,2,16]] w=4
[[258,6,7]] w=4
[[261,37,3]] w=4
[[264,8,18]] w=6
[[271,7,7]] w=4
[[275,39,3]] w=4
[[278,14,5]] w=4
[[280,6,22]] w=6
[[288,12,16]] w=6
[[289,41,3]] w=4
[[289,1,17]] w=4
[[291,15,5]] w=4
[[300,16,10]] w=6
[[300,8,20]] w=6
[[303,43,3]] w=4
[[303,3,11]] w=4
[[317,45,3]] w=4
[[324,2,18]] w=4
[[325,5,9]] w=4
[[329,17,5]] w=4
[[330,8,22]] w=6
[[331,47,3]] w=4
[[344,8,7]] w=4
[[345,9,7]] w=4
[[354,18,5]] w=4
[[360,48,3]] w=4
[[360,12,24]] w=6
[[361,1,19]] w=4
[[364,13,11]] w=6
[[367,19,5]] w=4
[[368,8,8]] w=4
[[370,50,3]] w=4
[[379,51,3]] w=4
[[384,52,3]] w=4
[[388,20,5]] w=4
[[393,53,3]] w=4
[[398,54,3]] w=4
[[400,2,20]] w=4
[[405,55,3]] w=4
[[405,21,5]] w=4
[[414,6,9]] w=4
[[418,10,7]] w=4
[[419,11,7]] w=4
[[423,57,3]] w=4
[[423,3,13]] w=4
[[430,22,5]] w=4
[[434,58,3]] w=4
[[435,59,3]] w=4
[[441,1,21]] w=4
[[442,60,3]] w=4
[[443,23,5]] w=4
[[447,7,9]] w=4
[[449,61,3]] w=4
[[467,63,3]] w=4
[[477,65,3]] w=4
[[481,25,5]] w=4
[[484,66,3]] w=4
[[484,2,22]] w=4
[[485,5,11]] w=4
[[493,13,7]] w=4
[[495,67,3]] w=4
[[497,13,13]] w=6
[[500,68,3]] w=4
[[506,26,5]] w=4
[[511,69,3]] w=4
[[515,27,5]] w=4
[[528,72,3]] w=4
[[529,1,23]] w=4
[[532,28,5]] w=4
[[545,73,3]] w=4
[[546,74,3]] w=4
[[549,75,3]] w=4
[[552,8,9]] w=4
[[557,29,5]] w=4
[[558,76,3]] w=4
[[562,18,19]] w=8
[[563,18,20]] w=8
[[565,77,3]] w=4
[[565,51,4]] w=4
[[567,15,7]] w=4
[[569,9,9]] w=4
[[570,78,3]] w=4
[[574,30,5]] w=4
[[576,2,24]] w=4
[[595,31,5]] w=4
[[597,81,3]] w=4
[[607,83,3]] w=4
[[608,32,5]] w=4
[[612,13,15]] w=6
[[616,84,3]] w=4
[[621,85,3]] w=4
[[625,33,5]] w=4
[[625,1,25]] w=4
[[630,86,3]] w=4
[[632,6,11]] w=4
[[641,17,7]] w=4
[[643,87,3]] w=4
[[648,88,3]] w=4
[[653,114,3]] w=4
[[658,34,5]] w=4
[[659,35,5]] w=4
[[666,10,9]] w=4
[[667,7,11]] w=4
[[676,36,5]] w=4
[[676,2,26]] w=4
[[677,5,13]] w=4
[[691,11,9]] w=4
[[693,13,16]] w=6
[[709,37,5]] w=4
[[715,19,7]] w=4
[[726,38,5]] w=4
[[729,1,27]] w=4
[[735,39,5]] w=4
[[784,2,28]] w=4
[[785,41,5]] w=4
[[800,18,27]] w=8
[[810,42,5]] w=4
[[819,43,5]] w=4
[[837,45,5]] w=4
[[841,1,29]] w=4
[[874,157,3]] w=4
[[882,18,29]] w=8
[[886,46,5]] w=4
[[899,47,5]] w=4
[[900,2,30]] w=4
[[912,48,5]] w=4
[[922,18,31]] w=8
[[931,169,3]] w=4
[[931,7,13]] w=4
[[937,25,7]] w=4
[[945,172,3]] w=4
[[955,51,5]] w=4
[[961,1,31]] w=4
[[964,52,5]] w=4
[[998,54,5]] w=4
